2947
32
238
0
85
0
201
0
157
0
18
0
121
0
201
0
122
0
7
0
183
0
126
0
138
0
214
0
46
0
162
0
68
0
255
0
55
0
249
0
173
0
238
0
241
0
103
0
92
0
118
0
38
0
67
0
242
0
44
0
4
0
52
0
84
0
16
76864578410909288143
0
211399002352548043384
0
6489822077025332938
0
54878849687197
0
209139941232136148388
0
226048526328209410795
0
248033050251538946212
0
414292346168433
0
16797171044711672888
0
147380579900035642751
0
175863658861809136642
0
274080496536136
0
128772140231374517887
0
170624069785312437437
0
85372499588993753217
0
480676098922310
0
164000300542297915311646238597922135301
17846783014254216794612837849003400789
198278626767727218284786924927163692932
59832967024371841854861573900623684532
288381170450681387695874571631365453378
36799198299553384029725603195948629887
4034330841618878895166663499686392354
43476348566684835087518000844308706929
211580386704717011757112931492219277551
30186848491471907135715622139507089556
279609376163158121843094668223073091550
2246084094977586594874040065262072145
143609332144423784945364313798080092294
51406709794517088781952710851071124422
207157958596009588064188603470619458775
12687785640683323608060256374662009708
191463103110480032716941034114134745781
43726511203639336523114153902077934205
268136062037718722219950521244960165690
1333525692154114463770249454799993862
214171950584207515621551175114685558611
33431594722712692097856795447409547880
42773557828846849189779587951661474693
27082360216994214139746441284273545394
43998157956479489152576336062877878544
50438957809563547200877863078126401155
221270358506448376111340969556571670669
52296891557583552626298507544657915646
223695564590377027408470456325058288958
53419644286103698968126424032728948980
98138853329478192257616629675950953528
58649244058279752200907537997869668892
128
311662806793283079882832589683783267820
25439834756707566024871245019644504227
82058198359964911970046910456656398869
38883929856475611016990812465581535161
303773682596316418886841741397166135761
56153812696250142367023881441087205456
269123705324873563776416109064611306562
11715563576592112830288266848900066959
271283711850297749408393180624069603171
112210519768421776319815604418179608
168663918726127680575305255563911486294
20134113592276960771943388511991404486
92644865947345926362034628221960204834
532831838660742144538527594131445927
182694809048004482728333961525712571360
42954708213427933483637751388413603294
33095865628944144701856754922979137575
52275291900887683515852219327473688389
166335147616865497431609616380851268929
22332306998405302963784897351855227207
185618878780448347571164972959590459084
46735855974611017598623493261786964831
159633189366211079978567670543268356937
62013584161867406853049703986373309268
94683333365097170526347280504562696175
5878180357496670875903277582264887523
184048525070317034549251614891665307537
13662401945287481957111498481024859835
186141002440408915157162982802399467945
40325078922928598439814190376540125738
201055634900534647888278793720034171289
1532095259483250831339214001320091556
313541123465510024694704784629243866328
14347708406717673433507438864966434868
123569881108671610942307902022710306059
23915679766367562562025216488810723356
101113196761249005833565292712860519833
22088789439666786840086981612759243453
87671823342807520767744310322444571985
27134579028237122500870259633494394297
325234434252328826400668922414216483031
33675431254014756539758302124800698723
136092667677830033578875705091560340666
21955906278278355453137538413750243935
315060078985179015669164391687832103901
28374627466270546368443542581826029250
134183111812817812495335133411391272823
38085851101418229735522241236179777872
326665864402241638343003999382882508138
16625009238165263430208341014461510907
288291268272744552131564168471141090718
14089382755425695874528651901562568560
106328415915432119120362666446484406943
35775443248317112581281919924988742715
218386614509876588943474504177216945223
20897680376992303915409106161185949523
144618120359557920244193673823383847990
10027478167610567016768283446133074361
196347896273192833014349351248949720924
14365587173044346235563716904413853297
164964274986417547376457235320164650953
794912973616070151979930197896434254
172264941400517131706371290438424737872
30247046102401022638476523188149025276
101773237691228769380427208860394791349
47871921878332134086043456790294914269
331499815410854898163145796968620290271
32688052888205167414041637415540518252
115077770433092632671308635203548230559
62856798671735354098280375523721328775
273315126480936070363163175354429777801
21816035749888423983807569993351607305
310686600094121080915605504313954302192
30019930657436867820659362837180059593
85939955367284572993304583741127240244
12586943176292935264627811138607643478
56050709687301499542807889295657156055
467311262947506452388079051656007297
154606681581981797081506901568487743109
52092266102554798082257895568283946343
163825105235158484993656444374388924749
8240606877571487459923768085313620105
167341548821925295418511340147768302249
50114892084224100344331785395379854366
96049816254173969908242669699828933488
58311864509705971960141340331619113017
275027147218178032469159198841524091812
45529280276946804681740222355470381987
337582912997324165558108183587337983909
28040988164054835446486554761285207627
280083711549682033825586282119654796667
63485007099940510295519182554250653262
212619984891763413529282319555663025883
20403636340830510779607759513680230734
90461088527287199465860893175782649291
7355266821523978601204067363802411801
62604619607830419430484896153535292940
3372698501761198955624085604500809135
146218525584796249009912380115823501487
13962744640739276970171564713878041734
187475184920610154817195398291192062379
56472410883260573721256990887803855525
245949067298649982965048263850772818341
62457144841421106819432435138717860170
108302345370818730787676612558012464012
63674551857157776886150109936802740844
6984610444677757179158385613251740780
24242794858997489951271434056433770364
128277206524928526028578307931090145620
60492355897163682180306645070756736259
55238621825777295350643304904635338755
26761219572097657916138926551176106256
46607961552221937156118933520027744883
7136587180597754494067421533428428387
141043778044379926583788395540993013218
2990603118893390380081685784611122416
166960872742009190899120924875399107027
20697386741400678418112404265402592666
311955002621213497326666365694761262266
11992144296432387617997956561678410624
240632515302127103430280245215673119000
28719464820189307109069167213347478670
276287298525335874781438704932783737714
36317240150113193444096183061234841335
262565369218355658261060082649865163728
21319536598369994916022671626878316011
2370725681569473106135372978621889816
37769691378351567558051397411641672908
101359409922737593455768960206601548727
48529997426091927030798480063779287742
128025759317022484083939044140338895774
36686440426561629544066590798518278890
60628764974567259545486616090987446988
27820157517300594613157692549162457471
208851240898461716526462303642034759713
59086907608482766781620572289589665050
15836771437522989478485746311991569155
53315980130900804641046510516741388533
146603008647464791880672382314018708915
14900031030503512430010195658234672372
330585200555646105716902038904478951582
41469543644937826887148356226521780628
191233992248920379665972882017779268130
28699188099313816868300420675316812244
55870159724647184430840841993019383412
23743081840364111606851080406397531455
226973192250350812650823422594606873283
24768838134161240962678527776353938658
30471563581496635311344079022544953393
12724100973430931287005001111883736516
96561200764705678817490477236407173974
50063102816289417148142174938965299077
272847702986127110793997976776753292365
17290231668089359118928978743874220288
289741571136446730101314837292629565622
53322984582175177305339559877158393268
188670746890770712997466508183199684419
45644292604452641783678646317203842879
335251782781866727694987973579019415875
19035827593856489155585853844961184787
243897892371303728075492623764279355575
21645809826446283391073953832137086686
123547376333505040146794406033454888065
33218657884854163186247714329807771801
203038699978588091815156732875109510909
28848155419154674509419997014638279438
302009725061656126016429991909255733685
22903569717896624874346149070541036449
331004665660333223544583445176757406843
43086391671334685532114528247663039015
265039945364234591953569966887430114293
60422960932192061964742905022445696838
215751106074964924018908102546944274966
26551312555364124866507236547170352710
269415475662816131942855161156992001679
38057987183952846744369873713391618651
199519343350808951812510341782509693876
33792635539098472790552476573274862613
5076379921042466532123948474377060538
45700933403690394796167616549941846144
94395104693195850093948436527472905532
21033155236863020337361407855251921320
163843896979568378758688420027425551459
3486346040903630896763451374339259738
98868987343995739361417809699314604425
4231013657423744982060010949633450670
330010830434907808421223643955352569906
8544907691789885908721064211672341826
127760703832542255183572153146632548073
31250174778740918467150373359920612235
240625380166813507783007565689676625337
14226875377814872170772617013954262350
219862195066944719152620531328022450529
56266096353070685953741808701708826133
161129709055222555066772302751060057385
24968419701799051299419343237079888923
133021709524261840895631051677835532420
4423141987567988412889081698273746766
37869418735400870886842590286867462373
53626778153510203277513250918001609090
114055487552689526689288516808370929907
31979776418075330260932494406200609077
286774435399990678092974453148997131805
6342746831491122318965347618090808074
203678654888598179920925662572054986725
40654296281708606464184269177224765749
66558981121548137096087109598890617676
7389599974014135921746713027171198865
258663540242736229891718319918064730431
41522817129460830668255303491279904616
307898280922796697116622917113316181842
19114916173496826838172450275002429514
219260899936362817533888849269203890597
3702153519836355139415754364404310441
282009258028749894262803658758267343608
43423888393133161717513367303942025508
158429157208447739939180250494118023460
2213865944204704153471141362506737077
8428979971993783207668567899264373057
56394776456142860908662162156567812125
110833288838761477796178100409576212016
54798538284944132322482909601181559591
28953277901461086671627427884506631726
64291990910506394983178881725959331590
185917753972308369276723405547254885474
52991282925079254521936302413400409879
267948764479391510863698492889724012687
46082800851023386491138561053106211224
66329504104087392331027570399082108932
40137679294197723100209370853459421768
16717327534350590702271254133065883332
49890156784849814868487228830223831200
268319647370363193237207187128521365419
14199689180718766565047302833732325989
3757280960719108025288461856049899806
22815965488759145982398939177232070556
52828680698995083707616906366553055858
49277306728662614331906991974585033112
110135877385597484844853279584028691019
51231441481761874519683818320683126075
275642177963926792875978081143459741731
54847837662397817101808278111360638938
174433403361782140817905642397666651415
33264799017506681590594915939409836279
54157840260155263788758623064659181749
16116295124059161814017780515502976709
193311752367448800987135748626089065563
64041596283996783571403264903731384421
241457754125527757689136036955939091478
47303167114240922456594626256486000287
190290140900884871204742696243027470195
19855842405836279931882919220418041252
129917212856605547056112672957693692778
40350375709635064232418497581732127317
9121405525620276106192565564621070328
57973044422363679796622664352828079944
40
195163183815606399332376140940676188372
30237842733099216439895422926731596007
338467433524973890305220383837474181029
24285822760663326192477250189976578902
122802503476934233196556238002046823377
53167431832529058659258004286433085121
88120974461044334561879077217713232843
8496716677431830081847876503104334398
121857548952695215773891570593405727167
47847117020429471694893472097315398793
15000938179223611026842298628919261319
7570566138214273264598217457872303343
83960909562383995288499958180041424372
102337769463279396334698948857425164
301444053439883388059038744748513356326
51540504151658575221555620995581766624
70137393291960550595801051814985732788
9723250940618801980002697567347586471
196988417727117370201044210266201165574
17043872110328893306643107836898480137
261436626392633801089167629785053416283
19403959244341552748048539322427772953
75363713935889866390915282409563228710
30526736870599879303388793716809867910
118886144609899747580895710238713623840
3443024325383313164309469568927910537
142760064938858121520208522669360769397
25342080223052973361074660242504659409
210570933570427333739795743760413224274
10056044823937427219742262568854624246
336582064167101912847398779154936479250
15374344662319332833620511643785481121
24799316953587666728169730069678367671
7286797802505928587373277674506345763
219301643011976904283837061363405245884
21844179924419225189950508330175327512
173617723975757215006853937438841050668
32443282804775634216965431318590682066
139688183924993904858192166469234812120
426449904073394916792221113669890071
240268082521064008108674829936514744975
11071718635357766289608279684955809351
292492976600711020308514253925544983315
44775071804884791419135162905514381504
232634681593358723612259050965520425354
56630423930856535362941273717665999360
204653018194288234240481999370584254332
38342673157214420083239046942973654540
94630233249784270441007883430431821451
51154057876935685236674046259054670504
309582796192359631589487159358433061664
16441562021699703706578216721495830465
34237224360816946188104783420799903784
48411620423252987993283083058036390090
7204642631428870767919519875680000227
12469529188810555386422790556274430170
174243058315134641950600739930256280784
12649737492637585440617202786558154814
218384168296306366020535875215258903412
35360081794520334375962572349203085960
261576987953572334051819270877837772806
47777178019271421414592691157555549977
206279761973992614348860820176138182037
28338809934135483049493708591995120863
78793971344033694391841581107403102930
46778227979766333929504285320704732299
73063793829667522930046664996999284387
15748332189499303102684577983455820090
28428862966976489214181588888002881688
37093310583052889642025065686795015199
206007860195151738086494972136612956289
46347948310148228106921049581428431875
244551056945802596155467850721446709825
51638839207951634580384963107708798056
268326950947843478632783643572130424616
58203220755892424899612177794756617097
205445611962415848758267997649439366282
60439338970696570109344365033947904020
191374121001657904964088300804206050029
57176971871904968491585000008132576602
15
240656813243278997730108938771256827196
13616296962460171907606592896768292297
22756520252585673763570567728952975166
36971781410848125422561787911015408887
80253084309352880085333451208912748357
17916059386876017724816621453856039935
333155412688752297327244362475099254133
154917004530894835537728734902008139
256579377559785985000634170396209025952
41209343157444800497050022033303025107
335855616168129215782175228754965482622
406125954019682855975307990273962328
78961811240924914820904821363099129257
12831729702049635440161237502114977815
84236403923476256841629819181812542088
57813699014643685610663712389331824381
55313729835384487955240369225736821840
21686468991958102359447084503461680551
102854094460684421666549690332693381144
62458897706280504629904423810171676286
15522737657919869079892840252790472041
38986982465226055570890174381012885913
239574076233646651374904102544855847934
50471880968096713619291054652091596692
338216574936554667600461560107478578640
48222120631969830839268148270043266485
303475259442563573112936535293112455031
28964484772064424709536192246150346560
142200379797212703682110510655197133819
18524293733750656002342689210228511114
331438905175512461983387718545515238799
21809095392615582165797616174478760464
134436650412657504787450685478328086184
7430536786538668833995929302127858250
127313765714668198247329701827254422319
47237672347004080441645300379102894403
146257824206537942719982553233418002068
4125133403038936800558965552691967163
236622007387019149733230925192063603493
36692122026782145712990001639602897174
20860490910888626273508108480785808951
61269710200350100060954499824588234299
212035795748832335103008570196807853761
18302560484552481021446893422564231949
277808404900137011281497890983433662905
52879532477808674175236331062961767675
105864071745198672128444954195995368047
18682160220368491132592080774078592511
110515923006110441037035440963911112574
54238294359961595313910740773577811483
58253722109276975487861891103420444465
14645097001336698624429774550028315076
48866587931373764293857752514220406797
60399875909697810319891805347674179789
169736469402451327800093242799860358760
62030921174239917030122744912394217022
305385038739761035279099273876154896307
42692810961440618986383442630819493677
224564814580362031138314166641371958530
13535412761162300783767243146790479663
16
206975493905394487013771406225540598200
46109627917746062747643249241484510733
5656231968218490924832588036033621651
45857190666444543143532152739902324539
210927627057447200291230900577268418040
26445636862535515979212373059626552045
5798926514316847415660974181899237092
34501896073482720068677175499233956376
276945955701503559073316803754196706767
57136194756833048432036699853002899433
260355110414323412681738725569276304553
2578612261229708443574343513896278447
92300819732501794640301969459928195458
30851157619497185299490654048370102238
192849673334407641204630700855627419822
58060278294178386010988546802822661811
295713521508148421256427925386735931876
30059870190543489347934328109394407690
181620260922561422723290137127365459854
58526942192311472576455289140207487252
118752533916524714051842476516736578231
54800125857069252253143986184850680648
222804836241872309122799010824254772077
54650401585240788876240021727533957317
213796793597540583411809403753508276157
45320597119233709428771920506401847370
132808733663903065722986895269263409361
40549786574793649545247963464272855720
137784266078915726857856036778220983338
40411816820815277135493671830942160488
297059631652738181355673308856613216787
38659004880297031329471164472025111906
125204326227713784955436671013341531227
18609528477140269017200833660833052536
258929199474354320266045884097542086941
30540796140295412455912956468666313309
135956075114060019591578806923823540874
63312996337242888666431565631406735733
274191538852490801311495501363842833505
24409777173922120386083824872956010080
624
48026498609909848890411498749
62872532496030232381576763601
2027220189109907730
0
9504391270005172103796436564
22622560376713090550551227210
91359364296443693
0
1474250127792227712
340282366920938463471981140712768224871
5821804882343721928
5619861479118654935
40489474006779479454333923356
48947319501030674837566956270
2332077900636011522
0
31331788531463724505467678531
19839513322043298051381079828
3242765776724679362
0
340282366920938463470937881369371084668
340282366920938463472575751059950903359
340282366920938463466353180544825234792
340282366920938463470047002331529896846
2930710910081016899023419850
76073030558760505645786284948
2195993439958759559
0
75269285326589205077612397400
20085023995167116415448962682
3202177540927114548
0
340282366920938463468935744443448156414
340282366920938463466877132030736134315
2231050227471362157
340282366920938463465034526938440650908
64532905953174918800245911824
49492964783310067690442485901
991440993826516148
0
3991242484324294338409288336
40418175079309088475898944622
96230356528127551
0
340282366920938463470387207990418796531
340282366920938463466484871839059350719
10329667283790943767
14957744410436407123
21549596043752466368153135527
77257843265317614161681781444
520054137913168245
0
17072810563141709719659588618
76878220295294313327207040718
1523938563660031288
0
340282366920938463468631263183824038909
340282366920938463464376196448365698874
340282366920938463465089460257639896085
5713656434530493567
60916760014940966521871676382
64777305576214205247034770626
2675718855773000431
0
34307188641655511621830047457
68581049839838789180513760935
2070517041663498610
0
3936424683387832031
2701419519244439645
11919697066190332587
4836455186079697060
28364130763942254485264312272
4628540832736361323426511369
1865686272101562976
0
37739662431389140217265612127
48865191387765322470599808617
2188328849457971879
0
340282366920938463464552979579925464695
4113862066970104021
340282366920938463467300339754541139402
340282366920938463469266600635512167154
27993246656875004557441249534
26221308195652247560930293978
1878459109286443503
0
77161254241348453983284591490
10403915180509377166070156039
1903686138927149889
0
2838294058832364369
4886946154121684551
7391440891545836206
3927434335335054492
57222135342939947302675427301
2032396370549005861371542714
134712093596540016
0
37519186292141661870926447123
17692315323649890070105111240
3394544706864203496
0
340282366920938463464531351040842275878
4270217759967375439
340282366920938463471236540689601383238
340282366920938463475075125348476465620
17513472208291079411643419058
4806487326370488728317917065
648941359877288619
0
54912774117623089896039446556
72701986391668536515566822258
2024894634799717912
0
340282366920938463469370586232180040496
340282366920938463466946448333632404219
8416043155634664869
5796977648637013005
55975230788590301425171101076
24908100426264656129661938023
376061071283231187
0
29146681870970692499469621098
43015369714398428932632671906
2333827155774551539
0
5118292971108568548
5662826786566322263
9210003123971146233
12687942065863351894
5458124449149493263242879673
66253564677276257868180669762
2410037019669793912
0
65799155081338563873908900211
59141354537990606998880751985
897195032480325354
0
340282366920938463472808988069745061841
340282366920938463463592830243964968852
340282366920938463470952108491995694619
340282366920938463468372052709070305022
49293531277027361753832025626
70717702408792639397731890098
1833064577807311059
0
436469236575008230532956102
7066437293262378385299705223
1710508426764735964
0
340282366920938463475033195142975808558
340282366920938463464190328255307161057
2839157211948678306
4048849167545790266
33490889318275763278793946842
26680865535910957345047917858
31612212377502218
0
41281918634746049119189089133
54923033266515991238191661107
1155494266026165809
0
9974141046634005158
12762238858734444680
1447445712427128249
340282366920938463465097533038229761914
23332242236030707849373874135
10089773680602868760118723232
3412392784904020625
0
53638419651744511271723313433
21973557338654399703678787701
145424874632686593
0
340282366920938463466938990750532847923
340282366920938463469250614477309224874
2925851577317728959
340282366920938463466497294854565597962
71031740783737534049341988371
65781632797570301099399350163
2328112116301384245
0
28281447535903928816441484406
18102282612681558554491055312
3052696116433966779
0
2215995646816444672
2965905025092390717
340282366920938463466536487584171396112
10562388109729298872
71766656726680103049820740423
30613676397971980975760263375
2166775954308413488
0
9203247799350298932584906273
69895967207287763355045643443
1610661354984723675
0
340282366920938463470697534545006649604
340282366920938463476906173369594733715
1468464637162440891
3071323627557896055
29154642209825884449910268747
1141270810478355113235097953
753735718796590813
0
7461575247117770672478836936
36560971468888962197646059657
3275464652161120940
0
3624722796953425325
340282366920938463469300634651195190384
2723868754199452774
340282366920938463466952400486093662163
48344517869502553318755530864
51989541830947005750026421240
1777268996618027035
0
42396776778772588202495844476
47798881644704767787791297311
2030958772993633069
0
3369525635701361718
3159152314412173946
893455423161093091
340282366920938463465574319001064140122
56965560653586070472031852746
48557208956826542294676309557
2259671530573411001
0
57297373809607187958280585079
54169146935110799090351386888
2444998678285442649
0
340282366920938463473948545616829363379
340282366920938463471106346517339210074
2137306366121219826
340282366920938463465296041438820604727
49880839111970351159924218606
57206960314170298024478231504
756574251764681782
0
25876959735398504893805926872
21943210289251974719991300223
555326913893631530
0
340282366920938463468777242532228515759
7518309556958336532
2015890742158034901
340282366920938463469940609275318180641
32632726460873616474827163748
74732366112384674564505113730
1016449908983866346
0
50228889125420433348723874117
61014890595323294176434313932
421101608795631813
0
1023003668344641705
3746916141917050564
6893201816645833064
6624272295567406543
44014759292132513597946035053
36178012483533069659322973493
2216417342651481593
0
2064581016922450565178972543
24841371981289446059785378286
2375437686085387677
0
340282366920938463465924693253732961669
5247303529143144005
4680641774309245177
4134771260692060714
68507953860229527586348574619
42881980373343769263428570997
2829994282626502638
0
16440096435954974896189563487
10053624099495019775783075866
1635334884783428287
0
340282366920938463464608758387150880021
340282366920938463469620968453105287496
10846790593435110609
6930534971713040983
76226525985969701411213606036
71577337875134202540213791118
1103521026755078804
0
2560734091946867087467603426
4883339822005729916224827814
233681063002781097
0
340282366920938463467222225591216088238
340282366920938463465604295283587952926
340282366920938463463771604593997559120
340282366920938463469781248681167743289
2496395923170108571789170017
37864367265586305960298871148
305930806707446161
0
16145060298156545086508247773
45013028004204725175422553733
2201961105727888338
0
13342798286859495851
3081226994588299275
1496990334446211614
328456625935825834
51291327405066082998463541427
1603265412916340277127598662
1285552008888491717
0
26584502990294195715373687569
2865533188042257754046295439
154600284926747253
0
340282366920938463465980847876505215305
2581073440868705093
5756593441462754801
7047557266410525234
76916717380264295397017819166
12346038742372076916752040245
3189953664942137395
0
1593307548838179200662452955
12899602364385570592767465267
283137870512906611
0
493794677238650587
3864994699126119461
340282366920938463465519243515804602825
9829159488068321227
33236394381664206592370431237
37348676211372325277098930463
2936702320794176744
0
16574999621349227331261985280
78311889587186925521001876924
1404761286051199319
0
340282366920938463472644656069349206770
340282366920938463474584723137813543481
340282366920938463465904974490663941461
1048975881322539514
24751254836742736782538072272
71626880428620847211308646886
582791552910781965
0
27419676380808846219369233264
61668168918747431394987428240
909026159149206535
0
3683615371131257198
10340432576645948294
3588262923989098296
305637161704682083
48217696113743196384098701717
34561306374471660826583740077
75475074361303314
0
70488343502015962663814008999
78060055280513684226771821756
1700216628334991800
0
455180391245674778
340282366920938463464840613005594150485
7286858067962046839
4226413671524018776
36833527520319481234471316921
8724333729268957487978888798
1458899277852447466
0
24065862409081290435399069203
23595054010956327336604670952
972512135182105201
0
340282366920938463463834620338206758922
340282366920938463465255653334994453426
10353511780909343953
4029532999335659305
65272967830680473777251335688
63624862599808342194721253973
3259006430040830764
0
78880856407743090576168163084
42688114100529557404267995981
2736550639372606650
0
308433738040559873
340282366920938463473144752532371139056
6031757410036717888
350053764459454946
77928450927094819601609038362
14812281150608347774830177927
1892263626413931721
0
49979797934977315464482299117
1978631540114288121717261093
918425026392843541
0
5184733063845424766
9794108727528141281
6232436229956132
3813425478145464154
51799178323944675101376307948
65688899217790061901174894067
505316931667299079
0
58995449592294296163521652696
50084856705490127501322978442
438927561354818356
0
1390819985604974005
5375101834093787363
340282366920938463472697855543151946661
1168837770851862425
36902853603317871265965434323
454074840955177070743907317
3100781453520900967
0
25993256687072943316410259599
58524254773705951060989215080
141649649895245096
0
5230466924923163232
5149894358321762392
340282366920938463464552101553647950327
202845778276200459
49030885588832760395021137835
24457064563692206924489696622
2402896493694083996
0
31162665837033452841611096287
17652843778505452256923163019
1964250988871159831
0
2138330143991262592
340282366920938463471767901430735229778
2437563218199738863
6661484357631174634
8550070605743093142445303768
39761195471489410270417090975
1159442108214828801
0
29207772766567427474175563990
57545391804570145270438144472
71140982639641078
0
3390496072223295481
8151482167075022519
340282366920938463476539522075165656012
340282366920938463467567196095147834583
14943457412498632983150178480
44359948464966895004497888824
3428609269209313377
0
47796592681001213053007712873
18415042442413490552800796507
3087082813795220130
0
336182869614235604
340282366920938463467813307768165333080
555754832904485010
7655330539633052375
3034323857655316950532164547
64224746708185056023017294499
2804428433387123963
0
40326292187488427717153810860
35526468159975400387227764616
1568175977988395866
0
340282366920938463469947087804630946566
3765054621110435716
236043904738969919
5098890362895377004
68012535345479584680830252970
23792917965161724817141734206
443394489831940420
0
31897353415255393477862826572
47144478619090288466981415210
486119676069066982
0
340282366920938463465058072262572340719
340282366920938463464738447080896434038
9815064708252352476
7051056685052980687
13956391390845524537678520064
39179505406770424103412775120
579014545365683755
0
70912257256974426959889794731
59223274136801146760735309080
471533594633084499
0
3065717268967013143
340282366920938463465413670034693430989
340282366920938463477539617790942614383
340282366920938463466140845400945050324
68984018885314978018038697805
25740653672854324363902102819
3242263057613895447
0
51550748773682618936069731631
27470786878180866384659880320
1635214984902788700
0
340282366920938463470113703456646742342
340282366920938463466027658615694320163
4536442706491555322
9569501700140067601
16561233333688103280364804163
57656458443692599326343300528
2139169771337231366
0
29883231689981373867882374112
24133463324530574569234774877
3477409991730732948
0
340282366920938463471172164657694660141
340282366920938463464401348762617670203
340282366920938463466529866173068854714
340282366920938463471154904615566986822
58994072128580439067340351154
15303084313421042962432572976
1275540507667682557
0
20645590435723462525723394623
71777452259397972286095061174
3206849691853299472
0
6683910452766421701
340282366920938463469532087769588935939
340282366920938463463897544836887990173
3663974016268045494
76925612339446174157515605439
31751302107291111789434240471
1972963593683572287
0
34721775466345095622767265458
76737257284759320829293075414
1072455119396683626
0
7327360424337626374
5179163252647603666
2807932106007855351
749967529531560294
29404451657515664526444338717
9316823051337395689988315374
3458598746995750963
0
51728918395444470568580804540
9301320704302102153233821938
2947980868576666397
0
5357982486045506636
3354548355772183124
12424099710342069426
13892734588785614021
48333845095372039772975839953
61097160277431246228568762775
203339068585460126
0
21841123537266277437572490306
78157536595927769937996009643
3177027188130449045
0
340282366920938463470072842269582513236
340282366920938463468533394749463428474
340282366920938463470946814064532546757
340282366920938463473346526081109920303
68208805445406763528642097199
61770969538565534010374537613
2260099513866014791
0
44923935307670633016632426802
27720558477854129809068861603
1229613577244477269
0
7172110388608993230
9189094309358195254
907914134367013085
3418244622132517784
61667914513611542679797896436
70060110458017172311025412351
2736814543719770227
0
72113033376074749982488244536
77742550089760363271392992578
2098781425692968449
0
340282366920938463470348559189382883642
340282366920938463469155291709651278385
340282366920938463468690269134027782749
340282366920938463464270707457705586772
43953670575243281468845445586
40512463178843279380308780338
997506171780701430
0
11870214249353248528498963827
28096053231989195674307359388
3108454638387162502
0
340282366920938463465223332782573131300
2712295705677087000
8930419869095755067
13304329228596442785
29374577217726899068878390748
35644776494390426547417722743
1888029515033216610
0
16530473333786315830071176352
78237249757405662552576789918
279001175094021571
0
340282366920938463469562955269241066583
340282366920938463464253562719519989336
340282366920938463468403693335718416823
5363945485817299069
45476242893399423641665686496
67278705588322995207804572962
3475869309620101401
32386831868162565798539566980
48184114705538613364580843873
458306284050002680
9948715277166922520163043414
8496418628496677684473626899
3484656594177865647
62727686309790471987886564421
29649610754612463165087230463
2522866148607212597
69158287991336199700376704205
70579780711029940998996590750
802373186193511153
28633450385682174695292677181
52750754906159106612612746702
1991166951184139171
72815994550624888845661184984
2912097215514593635964482042
74756138570442080
74984381699907664688871917976
65964297310275993904549637377
446396613904480826
4768828958658159935917606229
63978229723363566749013210245
196906682581998988
42814872124274598283960670672
38331620449457695373075416953
1661582237798615617
48537296585544679402509517571
50898787819115905521305623997
128457792822461324
4647957712207286207371668805
40379685589747195933889815939
1329081427693874445
2865836648950929090577575368
53660555036161840850560041813
2079653285702968823
40918226809558154389660709885
74439161531584621948057434382
2797564115726550385
32483745540816272997039106036
28601930763965317009680518455
2962064852344671305
25556344531197669555603551139
45218829838431440054110015803
85905928329451370
48615804739654545359932004943
58684710259220268848425201360
2769425661505619159
48491270892252938184737686349
31971166644332518752437990555
2500809238893449360
43483975668399144533160475673
10983595104985646792783563302
383134115317547692
35947770260650111410907750177
54552672537696840446229642487
1883250875076245920
57760897892135861581100598185
26913563458411093428300096069
2037855480501152953
14269254019513686248319320468
29461669675601710932883374149
80709840422383728
61121726781172705181834668092
65243034935308656508812270638
2386191422489479364
37560803095968281014466362908
15848555298127423527711386126
1585680796721051523
0
0
0
0
0
0
35717919122505863182793101258
38321232967395819819318928199
33653293845735846
0
0
0
0
0
0
60126610212574038899502857656
7521540037295293717633716927
2853604986499631260
34
45214892795105373315454608453
17206412499481651338075534184
445415010617927105
6716305654365782242022294804
21462149339653222150572986551
555897136006192800
61419220516387858100356393990
16971214348304016012884020422
359772332413444808
24861472340350445783675363025
68138639647695873936792273558
865181343136979881
51464173094417087207037052865
13462520041595765951026405091
173778517328098513
58524493834660047901808732797
13565589033566012442979524026
307048085408568419
14618285861201748201608551112
33561595146072454421418779390
1165510557602876360
54201364764247564990801421367
44651196695397949935572951309
2799916980638670715
62724164584046068693403464001
43278132385425371406598804343
3457845670943308262
74592205549275590653250449
71276684053479059531741392668
3199352163387642276
75446306165630653995229062997
6551138829428093131819216377
3481618508778562035
15414878317099384613010433549
68409043264654196821155169903
3178560706823032401
31522022376061782645603744532
28961571291181057516455878073
1214205965735788742
49934700676644614269538574149
59510298047606888457412155582
2359086824779172136
26374867881377468882698723245
54408112399806612131405934265
682809937376154445
1494967866009701820378205338
46398098941823588914086934668
1195410363778804190
36361300857906155478700591146
2408858123366551589322005318
937903661275537036
57906919665438162718319844378
52053626715808133725228988476
799536768557799569
29607446134784365863127765755
69874859404718413583513190469
2594972876996613808
29131184164031682782853774978
37064114597826635677277491952
2646550376868227163
35418130815020537014768616938
15545079882341312866938007469
1504752960190830880
21620292209080001592814819608
68178097133246434172234232595
2437539628499875114
36814427916087573587189893836
40393362652312706022765602671
1009498080636917820
13560072781703948385467918881
22503812941672699964377461519
2295341248938601923
19754979701485819546972275291
77608818879560973464638833982
389398166639776804
58590124809532816692145900432
13232538571538291342260464888
884214802484879852
66473437353454091386638410440
55793318319686795702463930725
20328155811419945
48035932538130977290141027474
51511244209329663886471571696
280808726719491216
31189434885020057488223741474
78715054648819661830163353339
141758226427254898
41336120396107914884718759073
78053920038377852695609704336
1288931442386222102
8030455321230338835242038054
33043825490823084321124366659
1056958041329982177
9949166277247557894418154098
6142411862743104702670663654
2908642303653002706
44351776920726178477786483826
58900201417423501328437441353
3059386166746228647
54443559503541894797604358644
72653170654795124457437672767
45160159686371687
45761072356474242834634409179
29775003713878934446737683662
729617763896460040
54670308815219518682832304703
76885520996988339130612848287
690039195336899953
70897882074924334249151642631
13976377393843068011399632229
3200219791824086456
38900009873847854700364100019
40602972130049888419307020762
1565620633175574110
67632503310047144523790464052
59236426014494546730849610761
48524232955816928
75501767606842323669398707105
22290086937028718893482247558
3379096951334047965
46475827117191294668560643775
76324812285142745495737973540
908505753638997777
43650136478253860574491201969
53814135851197719403031214377
1082082948015852052
35207194210667577211901962348
48281978590540906292554866906
1846194972515143221
70822021470506331380874327737
10380744444365548420133901027
963771501862103682
6608369462574836488945340201
39964545093923221927790876354
423015648866123328
57160315647860686919453586479
22484306049696767030231180363
3192964210166869928
78837871602392686250797074903
12878562133198994165630321286
1787550207226619031
33563434991275793205843128577
26960377278993104076249570915
1389940381116133798
1164685822312185834686507960
3434957041664575140296622179
58792728112523690
11308110090078769761365675902
45980502046251658926792371497
3185566745567389219
41178754567400423844190712490
72137452504092238534649326802
2638620649542014852
32644880619627129548011788567
77198172254841708051784769740
1086531178265637872
27526744253663007487841249203
58427335340106718047629438531
1845277026518269601
17489089714276291809499344172
24757594592542178682173412582
2899872974487794568
73138326263387032020987994284
71176698732963393741868532766
2813891768708758941
18174588869442864675276939478
71641353453043202606483521932
1916202442700907426
55736035898251208158134017209
68946918863416210411706230926
1967462193906664227
70250868599546880730598423028
32704065996691745544986392393
1225780768590675196
70701242224612973747940425748
34243397480551214630378771820
1761223626546132563
23586008048136728088960932015
18152484448270274359922535659
1229013891650221400
23881119819775941041508039050
1248023378900405019060267632
2060672753509155885
859253931687645289530802127
56532901661911876123132075277
1382721756105629564
75217142859339462729055781521
58265355998820357731080634089
3077722245141367286
51448019829505330492186868844
35173220771322811926671473876
878159325822424706
60518453986911634342784095602
60653076999924615784140376030
2199336532641887457
18544043450181482232650761736
30063917985792933456626891018
2363311124664399375
24036505874022108794181961177
24625154404559242916170066350
512676038938964137
55647558947638131221699629171
4835392213658454771758333320
502201629267211325
73759191235848652303429925329
50052245410715607118629119459
2447157498704270225
61060498279987925353181842611
6008518250190854395041364624
1282491964781455057
37409147085288283050932511781
32751452734365160484200966773
544196944694464027
25993459600093986846700112404
63539158635873662479435365235
187651512657104738
53813208724277214141222265543
30300677822728804004207926511
786876856325657523
8828108589308524323072643155
22604929661046668548823252118
2589539913762290012
41325267788943991913215337262
62410894065629215555450356600
2827928670389499584
68479152259526616755298296242
45942346924965383870350516264
1996352612055957334
65712530946325376971465309546
3742092591380128715788906027
2878225356847406721
36313529157449186257730789294
52714356863620622128636558707
2141693366628151160
412059932969508004974964692
55276547036090871765615801889
1128839739266177966
51005589728625947111614530613
68921628345736930288201256549
345718404341957810
22031147591523528537003459041
65664584006296801178239561156
24288928901783337
34291706926425732668880828148
34214176569688879706756306259
1007059548454816889
49304093610162900098447076874
69512696971214209925515275516
871177246289600549
4844085351393085726801819997
20236339543669058344140393759
3149417864965166092
1528367864715012969308965457
69085039960785537971664665680
1337391132827100825
9315122886793971118248487734
20057935794211354519520915898
3463896185979531644
76094591292143305787811591684
74874954938422402451591519288
2685088409019373880
73889649773582177144796848286
14811857297565035765199463379
1947404458449558252
27951309196239021192872515516
6589374623518528478487836397
1506279650232557310
51400936914877257378651213413
42703942720569580885704305980
2120668599091404847
9926232028819676210904880646
31162660109907410633531021982
1271522203627398977
26345331017041008428092950137
39182812200957058396970438143
1359515822094467735
46165457239566681312982295076
44482694947923863132572926638
2446274526504681980
23737585507281319315730597641
34265700584857997274238613229
637477731165057075
35661872530324670914660298050
40266157067713938337950732851
2531720828201778974
66241167983699836300621117260
78702606578142929196841266045
1633475210145232330
40930541102961023774685056821
7247804686330093934026240523
433402334313419678
8888549797214097563413693055
60133566262709216397849555508
67148685552343624
22013930229681807052620728455
54133212427050337707833362742
1897823476756074142
20703514013987065189886492619
46729565288896889386645114433
2247927137852167177
77950680075582214333327409352
77123622570574498169912101700
436604665825740571
75576316736218463886637152503
9261007047301330653211311407
85325438356777475
46740041307906080856633957061
6364168852544694743025338151
2485821039704403780
19087233308887838473356912994
23621775770000922200022575814
2474906417452794367
66872472876937522240744264140
11414171874615554142035732718
2568268459959700213
43753495912670890895315970159
58239406312884730434968935886
860356398638708053
63799054712202752672034357457
64728907659597528061274498716
800477552285461370
6462730708710571679540126663
6740627336642580427823334501
3449128561600449738
59735013670597266140383412584
20306487112983999996491108732
2053086352704271186
34956440315927328942483802831
43921495511212144451723258100
1487638413489045823
28859091496412351406275483201
22646064767104005572031496629
3287371971026810154
76394172408341872247923995407
29528624899617808377306907788
1456669557548769602
23788108451324129755368762746
26733752060577144030116476447
1406314687706945130
36604693645280552375524581382
62451554091840421764051779165
862399866894151042
30475837563525216583591681137
26328658033804137186723986156
2368003101760407822
12809216047050090439641542895
43818273448046197062021153213
1586307902295496380
38478020508799041025059965746
71653743169992691215597697361
2711350088501126624
45905626860456331950579414156
40856219096048795562514308317
1040962171125294184
28520958184730390507521928353
9007566655256850751663739885
3207022192755532165
57550994695798173425996146649
7819736271178705967445631841
1444408120929244797
12816485319144302191912550468
60885562240357847400648973323
286995345111394691
7426876079599664220633363326
60043384573494236479474267065
2756801079598243310
28679658937938102724216519755
57207205043337246798407097266
2274177471313449038
23620186752100063638436750675
56177309275041620292060564409
537286945083264907
64998573015385219618060516491
76983668735974094344402246479
401161231831990336
71262500162634516677386977317
24013085064072214383074582642
3433628966830587023
36496423961286307855365742226
38756331196475382046119650312
2789733542868489239
26435846556872471162629210972
53015359318153991976114047656
2098109228663877157
8001128063344076757462856471
33929999312224862489982736542
2395443963685167244
69084773166496566749697457167
28546664593816564542547843990
2632431375521349333
52190584101112174616961297216
6476440241372517580006834387
2014744681735383931
32234381507768020396961089207
78104405949506611920225760039
830838751071274480
53020794810927112240757043505
70494437732094300795570021581
2327291132624967287
17659078723021327452893985456
1341760547000497899918771762
2106030052314468087
37084980307620466885595325605
38029077844863575812896211901
2080192929935050847
65604217222489005721981556282
9953710379806315459696079867
2954371399159568118
6788314956542607806835107329
75716013931318371286161803455
1308627702817025965
57095391299796564997388113686
73186549807947124907434226980
2136952911300977497
74720927564035484603823174541
14650135639724565297064806832
1437561436060063302
70243620341649646710598074233
46813139989639266496697852662
2313250616292778151
77360822621787917329965999087
30003792808204826257758785195
673296560698058951
40441530267048294990541656855
30785612401893026432544565649
2367390933458434549
19879556078568508136075493440
69243008109353963441611594313
2493193148087363117
20966847734320115386566280150
77252619477368308466315157835
2875563829143473808
24753708867034622532085233492
48962258349614018937260760548
2576160241834848220
11831154012322414978678183373
71437412944930065471498448987
1155230148146766849
63122610453645227525478419178
6991000508889901745635334880
1811734120938829386
59940062661030712273439006617
41493853352040488766605756611
1288699332633266615
39906816961670940173106621405
70612765083695815878874116921
3230445543080273878
30352158612227706665361793594
78154463434908106140604214325
303632187182262914
33317546842343068156538076750
53026142623326149303008280091
1157813487136651209
41457212147151378693334146819
9310762389575266922673788076
1848996964126234704
79168189454600608590735583725
14380740958114831802753617813
1498514087264109920
47937562650545810095028464392
46370141100344674607447832591
348695772336179843
54702982551492923593674350632
27697622071687046953055033927
2720185727957826696
9582377432556170789947744654
30208394090842518901479366922
687079392673687523
61477415980050116837348991027
5539296231091581252154911797
1072494861652849369
66405821131841253388522539300
68203084967599331153741050571
2086870661356961080
8709698878819196529245050044
77955813358437192941453468554
1923328548985436489
26354817039318101647998467127
41121071771505236960346588513
1897664839642571776
16917540755107611462289429223
26035498570906115125603493045
1139491148174120422
26262240341929155425803040209
79125704204743821774469876818
925156122909526389
75155501894393120224473618037
45443509156876838925101634073
2954859157214440897
6793532250960280619276223864
51992447106186492654519326936
2162655254359262167
3621619676210659905410921157
62259820902551018889003369339
2491846408578513294
56580327855048840603566687334
48648705424184347373297507106
1177702056260576523
46125510661969521497457760282
63406940724378935633487038754
996384205783417996
52389895316379154206128349960
34057082549808975468838947569
1298435667069289011
13477694272914344945486930896
32395635246491678204203104857
524071906034519720
46353045632097874535832386076
60160397173109197987043863308
944578796377621884
32278627834048932833396035605
9602371975261871965536280895
309882712932036142
26659988472596372911698913950
29942636696558689523517691103
2380729090879970976
52238936004560334770663915490
19150539023048597650268565515
71308861323070376
29759027391952896815110239908
49711111348492647632461285392
69870995147382261
37363343125675724062561299776
22882752176064751577451185101
2926055635695621525
32582744323200918059128312330
53233498405169548594473639700
524637157620205735
37508591992227271741183895059
61376053396561781625566557063
492219094096831692
66819272918398768860788042725
19416896858702828398861004807
2329853050131582755
31865265203521669288091260217
52907678413384204549703921032
55809289908751121
2459673739297915779048753543
60485142871166218282480442678
1174851234709878042
76279495899860192987742980082
32891446601382338589475478539
2965215633982309246
24541546925468628812519038581
45568652472874238501933335684
2860512042880185746
73835204937374566099432847289
78823300098281476654531521573
111084366375856148
60425461158364698505590657447
60782491827180891094611720304
2893603544637910557
33222399354190031568547275175
55533226843177369665859254860
1356379761257936431
10878306627193220822327844932
32583801387053183166418336347
3369327719192434914
69748475201550634097096689419
63700484966219575267020529967
1794075598815255056
26168610055877795310154499914
53696221898460308640801208460
2619882725448841292
75549715049699931268255469087
9739300896853862614721192271
2439307879185334590
41548960361326688849770374202
27794842588926591226032682597
1738023467834466460
72162927211988488198680835488
19223815749771700179972833450
846333390381115903
73068934437249087750636775186
54103939546783456963658599267
1637159650088978453
71858587286491800084721838336
16048962999657819498936722963
2576033611828625435
70019069775588485855739941861
36313792791680380859369677347
1030485759200332197
10643960668636472187171017221
31813098514343554992242756599
2915482867107182403
50101522194467315297776806045
65759676232988370632329455124
1874701840856733087
31937996779744502503696156756
11917394209146740096740098131
2094648628872090316
64127640361265899891231109828
55587552795743317315957016531
1740796791616169924
43000009343754223451332507138
54154087065389205149485389074
739225686302261069
45931884718044587234077344694
8301738524458706140515624254
3008188664515684898
23742021607986261981950251176
52158111686891929003263623770
3300429581378551448
33880905333922410029845009916
37318847968096352785217086104
3351827739083370190
28357243960611932180829111324
39383919553007891697471819809
224345906028526531
20909355396121282990942246075
41070985936595921789013272038
2275780988217723577
22543299942648357032443829873
22928937852666513947671644393
549054975453326631
7440666087458773797244864184
30640690777191534598057846570
2800413882184381193
9351910447360506175746660667
23611565574267206184903092146
3299050470331995369
56452270938667305738991164500
40323404094668394222674888448
2748132579321303090
11288927793208642920775142756
6983317067324135573539000836
1320938249537188411
10445223146278506150196724101
9215825505482769145970343645
2199617103025963632
39198169772629409241304855068
60953505885329628269179529732
1899255957267429997
27946613947423791379460316027
52081244650898335416128290576
2180535673605646262
30355036996896402382059569507
54172792202396658789614380049
907614975015704069
48139266500726086434595103112
14060077025929745446014620322
2934291632890233807
63200941589073769499205072921
34543763914442510603169604172
2564319580325894363
58050577675569338729756571844
25430401690246596296995139730
2332294863937985247
24535704709220726311017104097
53250423803510145524014504867
987490209359488005
63635938437083002116714437315
76421303627422457846857228627
1106155729692876013
71292641368551900127050435101
51484556009063237971536423365
2344358312077310877
12224293159221464046139248541
43417920855819325387168263552
1576886971677909081
62785222837440060824979084999
31934088029306531417889002881
229604958339186050
23468452621548609508671353595
59855827542935493843190750217
1659690625058947727
69124618612148450942057406886
4994203685688226323987694773
1828772810715862902
76018618790258447950763989638
49049281872799091184452488314
462992049279164299
51402400895235625419967832155
36480282097360553942909287711
400176633754338588
48439934765653428949156473524
4446667426037956114928932969
27721140368825116
46583915459628004221414227169
11646126758669797569062973363
3052343194893424072
45280807537620901348038805252
35430945489239217722569609002
3417636378057631699
43981196328399174839926857628
33994075937070227426753418093
220958986033127036
43030414404390994505443691806
57396184208659649056749696383
600263089345844952
35341247065186338675335269972
2722656286109164500697926758
156359498266138685
9947352270917747679695491982
17680139799479995157089672461
2378762029595550669
48319625333452721983731745574
35699410337391213600854932641
1158806674435578915
59777302110072307096832598246
9785840696110293104006277185
2512576556755772213
60956851827465243562462292895
18428744034456339208451617262
357766226144267347
5014973264455370385315474303
36867914109434945126462605667
537666203254715879
18980552684837023841909571642
57004983261694562639418709261
3181362475917443143
17528991532388375009611597002
74131272786870549705749746661
2882591657976129107
23117110501790097966168683859
76036438366750962930870410660
524503881265258324
73507507730720787598689245044
57517966627382304773317257322
3111588114307322882
19830705663391599720279300105
18617702844669140519766405576
3453523571501123309
73968603363754117929882945010
7514835857168845724742031903
2987739941698525549
13319591180402064536935956332
31979960148575330017916247006
3155395654332750981
19727348432524378534221158281
20271646965665632890114697393
2734834834220674613
27064695736914483158587025296
17041156548040278623050911860
3469701542534392374
63028569248593630208838532698
1220685132366716800163477246
2442483557670748337
63268163854818129104615060530
16090111497933057496509047770
3380333688934935755
77498556976693043790548181240
56459820990130185189844737821
1905492682900877668
27388954970748804119281682462
34407241454045050407916632211
3292575991828647989
61489591551070315114517715023
28590648086335254205426838688
3485140713375937087
43202324796600420988068303466
25738834071718593486047487448
3163949853928928388
79148085725788647764001197903
62224312572436139490099681608
1791789283275017483
52035644849492195470321955396
16541917830429093104082575553
3439473525762652187
22150533600827413540883415294
26315102397767306174775994675
2415422389005719886
23725101616640418182831785036
14277767626584331004820546251
2370106118788092691
31021316591690776352068620260
73951209400362948159491596508
1061561469024824707
55523917873141521424171490790
19082706808150582384463258795
1401890750618467828
51786685746848661907773445157
3469057795374555197235098223
837823113697304181
77334752584526969472443073106
12766231315200412838938109002
164465098858200386
50269344807473516398798877147
33322922519923562169791448663
1002950502532813464
19697093021355608765099202583
25308769833615030723662307077
1880818503850627603
28431153319577984182278831389
28368260292582257869645995610
913129127496705210
54421149290922049600227057762
72249752463966296955575641307
416970553858395136
23215541292332053114464880451
12173403302780961665886585369
165006564889902619
45917647735337252932218483234
70383813399913347789792425857
1999923945152146209
8630601672304056537174772106
71917415607523524137805574006
883575113050854246
51980496785223876219948889034
37304188369336581265865413899
2580741496210652715
8774587168848758112223330010
43686076544753178226304682996
2209008266374279019
68809747623840772823162095239
13878142306894944985733550906
1519144052249587656
58269371962178511024485067220
37731436681045839633793599922
66598873594351445
44878255004859513926174856580
5121424014544219714373848004
2464720081864987144
6256636636482156322691131155
46175484053406569809431244001
1210038454247428385
61505240528121682841859230248
40296500469691418199776799742
1070128127163318798
54365544797685662611051150224
67524970527676410493086065174
1857629447320483433
56854131365990469540748230357
6923912135434361611923711610
2649876344813416267
71832517290958729030122768178
50137493982431887585775249817
1066983394048155834
36661145234495580090766974609
71172492381857271741803983427
2506575708801268645
32458072015586475277889999346
30797645691668423596174179595
632034906919809988
47553292297741451654306771861
11766238479089507438092730325
1202017972646888502
41295366267590919752538028124
28630267868719566510109654993
3064241746670377822
35329840751639305028505989967
55117687179101523850220456090
2687253361461306982
11761272950739860191130229957
10535762675595928656806060191
123664014830369305
59370963774155316789111163110
41337819333519710725692620063
1834543192708281532
65398926241293485389697516729
69841296629591143749851151838
1535742466611365392
59456171206377573786832238715
58444590230207248840119118746
1333383589222493015
13754707473871678691851450796
60001370935459290426436080013
1131886926083345349
57375562005956381899108184969
21499813745047542615488931437
231566253198718043
19713116218625306641560153579
48300326732085269357994866671
1270065930666352324
20055558712786425834961261377
32349079669613264002570232751
2389464250386963663
23593473390506831091992035260
66288140416743827405148884375
3447008869484101078
4257480038034203110845704839
65354589940230166978516379643
176093662621503220
63356198591551195090586112352
25030733908316074355695169432
2519419966646624308
44046301151483399049566060551
58312414793487664666206365554
586455132917013155
62185812896166225587495064986
17375974027564498116035075285
326245499188808890
57898653676490654287448648290
47995890387434679677908797020
979447952724443258
71311417089050294585414747053
35005716009538358573251378826
1460634076600024899
69250245488814254062690098908
53225267676063433975098641940
1375801214642890770
75250498629204493959094533587
74031994306317488598863695956
238068423496352850
15328184592254628470528984082
77283952541808713311334838921
3265875134058238054
44970523448113789709535153031
7013702499176757372815035954
484582601140249116
75254187201832443419047333745
21962722582644231575870989009
1633096108421317488
52825933371679178237118302744
48974118183804927405503467804
894274179796090070
29891061711123893219726535557
70689438824634678189470887947
2825490770616115624
53563419048319041302229234965
45511316411550451671595789800
2428957704660282608
36963452060487209545917314129
7162469130336549782898630892
3200219021342543730
33891612218725267547198721566
31966017613817619733232089333
23971185374157553
73753849139983575769479826992
33465916612075318695166947133
3011159458218813330
4558385544587894961511836582
41216830812196824801741724769
2521505139818749113
33186148003507333511621609735
37253280425840511127536148438
125230750624270335
41701268917605278535292235853
63247739158183412850855681877
1242442448223028972
38714014456540813992394884314
41845020740265744076815809013
764722172157464146
2577766583543238261066035831
712339454434728257284706651
2237145513558940830
46845326341275028534047596656
33670227085121474743728363522
62433458468649130
47943969326191314821653688634
17094844565470071270778843823
2634339184846960397
70851677766157127329552589537
10548417811095996735390640543
1459711219470368370
78754636932709838131740075157
46075055512194558077569520241
2129988053244219491
39567791060596118185823480678
63554658997694227534214598728
2679214133292115863
36190279522878121553913872410
37959380542530502928253485157
1175341631243404504
313859658533142873697203183
69930066337033963767413968443
1849940321490761682
68284611762949190208796511812
59310633543088032996727129885
2387040836384290964
77643620093476759901096222132
55896614781128677153557368726
1349986536158690690
66298912195499625199857361527
20750095593315949321428842030
1160663375668454859
32060344247898464942017269700
52960192926021971858361757612
1103441540797419192
27770845242225087672029589021
4085865257980640848525587819
2289981048655646853
329611055197257045909866093
78090100282173990610240136638
2424823418261339861
78044050188674565136700064389
9000727340709564011522451045
2236667310127866439
64626196109993491888795322948
19270497303097278176080512961
541904467762246820
55320158896369962937118289885
48687893566107770646086093877
3275938551276042347
34155584871951695723462843194
76961729207152440487785390015
9017881227045504
61862790571132199652437327362
69462327653592291544206197243
1821859968291648168
50248575720434742443945386419
11288771119288848889525127327
879356693236193965
69303627624657305667344329889
61318475926971070280275781240
1248282276260372654
65059431784454123188401499426
29005895723976109521790567234
2606829606183336093
62257360910102673281571396717
11846500863127213821311306657
1048005367705358288
3082518478636790066933296942
13480659710117119822080862752
289947634271575884
41628654751123573887395918908
36562493207017525701660578991
9732869489274485
54823530984937795165920049510
40488492220862059938854535358
430644559029021095
17903491353920859216720348117
76351520189082121598436246395
2415438039181198242
74636984022718173999849072206
72149886773503860220674768899
1854929083438274446
44599577191647293443925011015
14469769525624074866695646762
2337267333036993897
25806529568762785841829060432
29907777782454016951082521506
3406258674033792322
10377895396825471010546855545
49357210078106234432892145769
3034674173593367430
57376573917307590047178174014
74246098952514250545235818321
2047003098580989996
29820108165617035388047828573
16420955779512877950735887185
2310705003192611529
26898101819145025834330211150
7668624811416219485173805122
3369840658542421262
55954161024212790317563623134
26043168444718702445237737645
2853646665012312380
63432450688254097236904103635
56043827695795905694593391422
199125689786279345
78469448138637244531889802771
39840655208167765667063409640
1655810060968180601
43492081097998823514207587611
16467280553096927564601849749
363458372534120214
53485265259860432651836045581
68850622788923065567898231922
2450773203660712912
68722107659641241105761234149
51588224261526938236685427287
2211227023970828441
10158207651982280219368999963
55408404487884298119289683175
1082971668478467704
54897045548908504396921051908
35567685703751523147645414482
891694567284111939
24222879423076026908710790600
3901745497505074045388651933
356553756196412225
65734485384682337385419103519
46908692488438860493403782418
790650510317460658
58540224022175637097577100931
3791332709907738203178135289
1791509981117297069
57916434800254994330632698820
13599772481298318166368860436
2253264528228939326
41257407725347335631936739070
4340208439672995097577552010
2865934149537289539
30784073843058462008573259017
5329534055914228399747820922
3375579047289025130
50036189596997694663350294665
34302168717354566831995810332
2430970693607318915
2828585385464020291884207010
42270860676494390249532287240
2896969879021550918
46352354337002109231897577183
29490498892576598630217345722
3026542609536556036
10445624869146574414240955214
9769583643053939101933483838
240178844231993886
52759520488774176531123346070
63753768197713055144580083338
2904997876807846210
47377657851283009660331744008
75279631548615153774202894878
1429028288936372133
35558362042046330805238072888
23246773295981191328723029306
125628306486592172
10426970329222802152346394627
26496266721679011990503771133
2259640152405569884
9121967854294693209781728135
48962171193429468986668595286
2417853329025627281
45914689386636893548039687221
62304948311245847857288979514
2496976798842320024
62558872186275816968913226750
34229732493522047252382106749
1778684537265807820
21266861664392184446568531249
26111796263064785698787935386
3379515944022867665
77574760074522003679174771976
31673337098463416218837555943
2463623063677329487
19537662449924336969971721411
25705071757297384360774011836
381506292367759754
74219638893725909053052896737
54107848584593641947506280394
1955659123631336093
2646405711123622439560240216
73927426251029816036669162448
1486776682838243249
7602679905956752666505943127
16049937212663434815656513970
1054087411488181387
57221634665119786722243387441
14977173119090525300068041777
1858227494204784679
70803295066531532300759266386
11796458952394774686621939019
1521391939127099028
64444164482685271031987471354
30792761872335249737003487646
252784876219641867
23280472309232209303250688008
36536703818340357951997428289
2204444938146375552
42261235659614560023041619379
53238187337769343845954150726
20258010300033327
14406074729000644338362128473
15669117480608089392762323950
1909594557020619890
74658782656181915887793325154
60008305220291443497985096752
3188527819980074582
79060838298754378640034379299
1625180734591380687523893408
838144385050237201
66515546557481266442259406392
64399511319161912889603759527
2643184592914716860
63271093657125143183800716756
69281531418668141742017230343
3074772988849227444
14881503167720121180984546458
68385816830756253601812930757
2896159868055189083
15752082970738283545105756817
29265573348868248761869813154
2559609693511672550
28990658226887698232910286179
31447285595517975949241253386
1989271489060460585
67556677703118710147054205343
18945648783237943630715720295
1661170129985070996
47918524191551756393144663137
19210187228752664990051463556
2899743675348868354
12499966296290131638665949724
73379432835076907600265537962
632270652701268752
66602375955254005683934764412
21950295333954538652583835488
31358534353155169
17969112167312558896619947059
71269751869500494955635539669
3162144403413090078
38228275529643317483370487044
41386489855772823147417868389
2262753270429225739
9011558045209028748211338887
78081439445904585841842173676
2042698207473529419
66263462133816532621472310761
72533941102713978411012832801
132246333554567381
26306407669568510981914173647
53922991238915113632028890059
147455711898292048
76710389807515763295930813390
28187703246958108779349258913
3054698061415849695
34626047629614009796499594209
69994789530999974032007345037
3271326313571736205
11991822608981871456832016552
25128075079838866706647498935
3170630474890818219
74106200911552144761828732243
67059909851276839861810217969
2830993808811712815
1151208391962809692600628010
59782047235542105499934876605
1628519965221770448
52547044633983570377029786694
68393403133181650539608889733
68537103948361977
50481802203395980531756508171
74098137152990285874455152145
1967273415582602244
3163381836421815245143477884
20413294788866516024075180207
963950241115061896
47331865222108179526336937152
71790748513495050190085615902
2880051344834358144
7508724253889761276883469476
36400051469582328826693726403
267110473491019188
145
18936400556221884649260336515
74990964118029049337045421085
1255927930548128582
62564443743081877969439018625
22955620677201569738719441784
2616872684805813406
4517842011381989599770556736
17210244761417888893012670196
1645775455782628457
9915138512584805551630500191
69477636404022613808897660992
588405205424655555
49791602253512915378132943157
33441994717552516586206211944
1832625585610270366
62696976896415575777432765072
63913972665303458360762032524
629618493086989125
41486766628816583390346514301
64727663246170498081074992568
318683112705877398
1210527558450166357581494048
71795389655951259486360139509
933571548649333333
8938543079028749146107545622
18367323568666357215309968785
2258665320889251713
57837168072350403139177185831
70362100366405389312977928678
385622987706951855
67153939974638460379769152186
34764136689051276345988630110
516014071089079894
20321885226173159909600360931
8415427657177957977043903547
396816951628976959
29926462853135601879676979968
7513094430865944737198182264
768414700044367286
53088387234423101351829670748
6893270333125444796462899153
1910795987749262237
56616841878830002341435071401
55363528413809997080606680402
3116653857318428251
54013408469484648246605538606
68741168154494502219258100244
3328029307039351595
35732283737369484384822700168
36117837249829715862186816498
1159495662979297085
63033387402160904561213972863
22982753947907922734714042212
1319276954067708300
41285377877766639376309104630
49746509221798068229278867279
3316536232775812090
13706292668098908970439392234
1762026084947672414155429766
249181216459837295
77738609826265710955423350958
38675987886111912451407954445
2995449961506859971
62153889573029131377112675202
8316608159003635809984342147
2321359250710510750
35785481401273796861062813823
75876814151465827638440061216
3400460577131194247
25031218157177199973336738785
23817461907299052114846027207
10869167207610774
19611794737874486154106271344
22249537649170311995234400732
2340490672496570786
70764778367383718339238308890
67899546300545945599628393472
225464735385560868
32906276031312093219878336182
57218045195053596188269139274
693191918325503903
34966736491913825990807425565
36134090247837619807435851246
2612427225445803740
67163936092937872330682247553
39973191102488581678423284592
2423733446663402562
53632609117588230582453888993
11817745906187433364549070030
705381093995972214
40743111383113067208933439994
21817947618250965910141874677
1121076980813215906
42139784609628587124199961306
38207282261300804453399545429
2349763065184113392
68304527767852129603669366735
31257396548579097729279236989
2380028252519591040
47083719233660617533557177319
29404655756874820705238759188
1085049348696848619
35772018690789925494688991606
59118650295060034386816939878
1818436528338524302
55404335315763905282617167166
36396664383726952272816862115
2923590879631204677
73634567963043729147520627731
8537090687407863938983390993
1329833881872915025
13733497790432888820652615052
59473674373339393589827699949
1074322880684979334
5481442226891886589978547273
63195462523443856135169408293
722630396143879646
49610656521354618273745879900
78060877319210854819238910291
1613205292845652182
65990250148745083037136293211
10887023606632348928343619410
68253755167052733
1196067551217227797375934739
67593392172632999187222898106
395536648171453334
20042683786382305712683527856
14959815655987522448362188653
1458853268684152123
51804868593966604707074769020
7094528746623977776346237054
158573656150222983
62543783179981728952507174952
21785495659111289647640712458
1114165626821622042
72805925364208310005191641707
26291774143459625604598389296
1882603972949181769
29934071482546606311211623568
22547734650838694548450347933
2278873480394238245
22439746343273493181816158690
61802381115346691634561321062
3474322121366450646
20481851676237271408875128942
47322267562265097748198033620
1862222062280661270
45390684023138567995521862540
9676777627541664994672749224
997349600678707145
27066826057995598271746156148
8774035429271113433709522686
3210144535341694930
65673945921635437562515060306
25833084449663133794251124941
417021405718573970
3771473274060942109850513352
59372242605293481200076669625
2731830946962358198
47823638223071307931346033586
45589966997084546983763189654
2844572268363203465
5396826283468509403315041555
78674733062819695203665586138
1848815005777960508
64303940339822063100324816686
39555492536947894245064761957
2343912062055706931
19259137690260891525035305606
33556762884199563376962223391
2182864604023015645
12381094021856066666623159933
10367402453948239419558896508
627257140683838485
60940482337757097684115139559
39460167945498124233615358877
2625698572987259647
75577115215529271283491238976
14075854899382114718967659316
1396717061549257271
42008519356136853979214873349
51047879694992570707291352879
1690473677293139926
15168057097500297034766423638
65903360735759329145217771801
3071039566855335647
78474245202126720185899375439
58359467253360247839707880716
2548435472663905147
8970429349712201804424018298
33259023283163644932643947225
1951590313304119278
55732386216491700252455616387
62242325650868044761819621744
116790867155646151
20403079986014850663342989024
60604398879064066492373535915
1462345299126804912
42279172685542591862054905502
34055819496520100208091384217
1073360825271808016
49829654897190014550060255482
65636986487624068822606026351
3317462108680988250
24848331258240814125105840719
71263293641866108213131975444
788601478279136295
73430995702669650391371282545
52003313951329232626377757435
386154064040554954
42361872683778438243241473238
73532913425084785776060747950
2805883904633260741
20894186897124675348603471908
8936261433668523656992738749
742048295448596947
46901979877308026384737546467
69718069696027775860123998753
2251938536694244208
54294052384747465908237183829
36204530703687102443611341027
577118791033265980
50605284289105317167804717289
21765461874748332642129940919
2438809858970510225
806285972680818895719175616
21468281529940795900765461998
1026078255352166015
66798864273619719967543271851
43654772626384634610238366821
3237017279472120133
37712489563083794394195448524
12143542963600811577208775497
1236127978075188339
424389191504995297050410634
43251314478603276342863686129
892505019838564314
488701737706880179574701548
45996633784038793549156804742
3446323766559147265
51462119226420009167475724315
5633951130930192416731263189
2813114822421953955
49011556781251288553188500028
75203270246467323369466155335
1567401139504529106
50800127717937554403633484264
34266641578633020813518666992
196701081624573682
44535312408204021067619901977
36421770804000259616946321793
866445363995120431
16491089527084394979215068290
40986045647818905105016975704
3480866984999528421
60115230703856302146297875238
78598570843729522218912736861
797597696750882286
20254443306116774570588061789
54141658127390044232681675385
3258923269352417933
19384748942476942021101005753
1117631993325305737404049413
1878496894946783010
77909287073780193836051478967
46990522232203812401098791859
2624440586188297080
6525128216904427988083026378
54547241142985903278619639706
2556694107668263813
16490797799113411303784919804
18423444374125295544613318282
1683462239226759019
59727342619253720774940060080
27853728840339586277711503181
1022062117668322760
76866653073334163850736884962
48398375539621559264396613589
134298806163899242
1913712364377022845354791327
53659485180793234645390059533
3237989345924277502
38392257270958493732940386416
11411805959423655443731907282
3054274482042851933
46997502937270235621109419806
42182845655556735161614644796
85337050420140811
59109816559286283740542430128
59941294486550271948847600235
2451555875323999219
13924842750113842788972959394
34871021481243533004904448578
704200303380534123
48147128028288060351651335124
18656320556956866374518156958
1814187967163626478
49586076379664064965026374685
20952930899664147798398621691
1442739892324405922
21650387549984067399373604036
61081849674910774550157510979
1470088167398557114
47480262055574592358816833011
13783161950367158064243636846
1592588800246640069
70998646510650847450844951050
32787844059057174650543263074
3465000356529225865
76916553529954835984382457498
24463381715463152361583633840
1918227863699888659
49610947816488947987236966258
16582171716264519711808134739
1129404213785668112
11143200576122615870054699549
51347220944258710817502638929
2896115949798569783
11055968757451580558119586408
37871359264479667376857667859
675033145175619245
76804108558872148122552853104
77754989477570769436383349820
1281687795587899319
40527563931639314213276770557
15789683549955888646682852084
2534137659046680919
24918788107567908423386441823
18494417910763659192834155867
1557458643840257420
64209772888951948559640955604
39606932627733740117699968448
1951007548361166723
59241005134975803143964567089
19738334808770078645216503930
43115516648521407
24627408283653821731218388681
49641208329306008977126292884
1084303697273649940
72921092206301316496889316769
15765262629108883839684335865
2230786097187495169
59338426405243602015788867370
49683351549896828427536534183
1988935672399791052
78973917516409610953356560592
12203344355178599717890548020
1080075129170402890
2095952593947454781991578966
12331072699533560436693722154
3101737963973992847
70978410732874337825219034615
75841317176708504086796314115
3316952372399400861
51189221225504119173711699178
62547958779805350522595421977
2366411832025580306
67825373939869649476041540857
43019623397379355501817095026
1971675328068540351
23734250761184959756555745178
68402119827184687312898785026
681356788339532801
50874061138329263577515370
73982139309351794567806716890
1730284425175308045
21290338571023596916954655044
63934781381145921619521710084
1970466009570172362
71424051703934054310701682257
38954441626879574017333889654
1790036925806910561
47041212058866931615059578379
7695482788345101118397790236
1490354485344709506
77699443926643286633547459399
15308810888964769987424846831
1094858400392743998
23989892060003955828746553333
52533735970276552139081931177
948902400383837373
67601681085897884733273770539
56782334545432180793397475748
2000670818669470205
12257473599472468567852037660
13782507359595612971864636772
2223893936435458556
50936462905234038602456235011
16513916559093371471657961103
2331193645905566881
22393892990305553162722635585
10081636396956143607880703781
3107994649381359476
36268085112329222867887619060
19628961359849241579236533466
1992635529219710285
59353860372369092416116847960
34954683020286978299941711994
2372358210718392406
574933202956757178426248200
60059977458820705733898297321
469615180690992191
48234955974211592912532245793
1428545922709932132123862995
1342577187288893466
72863262614667681086771168388
46041155133454445416300235127
877088482459066811
24819658135664401016239234526
5495472530043965516523404161
958824569509589203
56446994512125640146115879609
11323179197713375106826052178
2409768345636608249
2618536477032924890380789501
63893440771222013955474050899
2554306184903979805
15183419548609941605611219761
42093194195689969544129736183
1821512199631373798
9417378676565885648205719370
5699407399023992712470615454
247168318007957444
71722118855063900624034591574
67654678873523847801303515430
3442090835165453041
37128793847634272812596895319
42038995020258774538877726635
1352765697305897891
9714312042620621376111053455
18915950731615870064661155501
1761013806883443792
19231086288684980902204541437
14602626128476999297411782317
3234223687855435770
419722704200297243297872596217979451433864271279159979041802033940618688030
